100
3 1 5 15 13 11
3 0 8 23 22 21
3 3 3 5 10 16
3 3 1 9 24 22
3 0 9 24 28 25
1 1 2 9
3 3 5 17 26 27
2 1 5 11 11
3 0 5 27 7 20
1 0 0 22
2 1 10 21 15
1 1 3 12
3 0 4 8 8 13
3 0 8 23 0 24
2 1 1 2 0
3 0 3 10 29 7
2 0 4 15 28
2 1 2 12 0
1 0 8 20
2 0 3 7 25
2 0 9 30 8
2 2 4 26 18
1 0 9 23
1 1 10 15
1 0 2 2
1 0 7 17
2 1 3 6 29
1 1 8 12
1 0 10 2
3 0 2 24 13 30
3 1 5 12 11 12
2 2 0 18 28
2 0 7 8 26
1 0 8 21
1 0 9 15
2 0 0 1 7
2 0 4 8 9
3 0 9 24 14 29
2 2 7 20 24
1 0 6 22
1 1 3 8
3 3 6 16 27 25
3 0 5 5 12 25
3 0 10 27 26 26
2 0 6 0 30
1 0 4 8
1 0 7 18
1 0 3 6
3 0 10 2 26 18
1 0 10 4
3 2 2 2 26 22
1 0 8 21
1 0 0 29
3 0 7 17 17 0
3 1 7 18 16 18
3 3 3 16 7 19
1 0 10 26
3 1 6 2 14 14
1 1 2 22
2 0 8 2 9
3 0 10 13 16 30
2 0 7 17 24
1 0 9 23
1 0 10 27
2 0 4 11 1
1 1 10 19
3 0 0 19 27 1
2 1 3 5 5
3 3 4 28 14 7
3 0 10 9 6 16
3 1 8 17 7 1
2 2 2 15 23
3 0 0 12 13 0
3 3 7 26 6 5
3 1 5 12 12 12
3 3 10 7 17 28
2 0 10 4 27
3 0 3 5 5 22
3 2 5 12 12 11
3 0 0 0 0 0
2 0 1 0 0
2 0 7 16 14
2 0 10 7 26
1 0 4 8
1 0 3 6
2 1 3 5 1
1 1 8 9
1 0 6 15
3 3 1 15 11 24
1 1 3 15
1 1 9 24
2 0 4 30 6
3 0 2 16 3 2
3 0 4 26 19 14
1 0 5 24
3 0 0 30 30 30
3 0 5 30 20 12
2 2 5 18 5
2 0 10 30 30
1 1 5 23
